REC_CONTAINER
0, 0
104, 104

#PIECE 1
POLYGON 4
0, 0
21, 0
21, 22
14, 28
7, 28
0, 22

ANGLES
0
90
180
270

#PIECE 2
POLYGON 4
0, 5
2, 0
4, 4

2, 0
11, 2
11, 6
4, 4

11, 2
19, 0
17, 4
11, 6

19, 0
21, 5
17, 4

ANGLES
0
90
180
270

#PIECE 3
POLYGON 2
0, 0
33, 0
13, 15
0, 17

33, 0
30, 14
26, 17
13, 15

33, 0
33, 14
30, 14

ANGLES
0
90
180
270

#PIECE 4
POLYGON 2
0, 0
4, 0
4, 39
0, 39

ANGLES
0
90

#PIECE 5
POLYGON 4
0, 0
10, 0
10, 11
0, 11

ANGLES
0
90

#PIECE 6
POLYGON 4
2, 20
0, 18
2, 10
4, 10

2, 10
0, 2
2, 0
4, 10

ANGLES
0
90
180
270

#PIECE 7
POLYGON 2
0, 0
29, 0
27, 12
2, 12

27, 12
29, 22
25, 26
16, 35
14, 35
4, 26
0, 22
2, 12

25, 26
25, 33
18, 37
16, 35

14, 35
12, 37
4, 34
4, 26

ANGLES
0
90
180
270

#PIECE 8
POLYGON 2
0, 0
33, 0
14, 13
0, 15

33, 0
28, 13
25, 15
14, 13

33, 0
37, 6
35, 13
28, 13

ANGLES
0
90
180
270
