//Generated by Andre Kubagawa Sato

REC_CONTAINER
0, 0
9000, 4900

#1
POLYGON 2
0, 86
966, 142
966, 2118
0, 2174

966, 142
1983, 0
2185, 238
2185, 2022
1983, 2260
966, 2118

2185, 238
2734, 217
3000, 767
2819, 900

2819, 900
2819, 1360
2185, 2022
2185, 238

2819, 1360
3000, 1493
2734, 2043
2185, 2022

ANGLES
0
180

#2
POLYGON 2
0, 0
3034, 0
3034, 261
0, 261

#3
POLYGON 4
0, 173
1761, 0
2183, 650
2183, 1010
1761, 1660
0, 1487

ANGLES
0
180

#4
POLYGON 4
74, 0
870, 119
870, 305
0, 125

870, 119
1666, 0
1740, 125
870, 305

ANGLES
0
180

#5
POLYGON 4
0, 0
411, 65
100, 368

411, 65
800, 0
800, 286
100, 368

800, 0
1189, 65
1500, 368
800, 286

1189, 65
1600, 0
1500, 368

ANGLES
0
180

#6
POLYGON 4
0, 0
936, 0
936, 659
0, 659

#7
POLYGON 2
56, 73
1066, 143
0, 1366

1066, 143
1891, 0
2186, 288
2594, 1366
0, 1366

2186, 288
2573, 241
2676, 926
2594, 1366

ANGLES
0
180

#8
POLYGON 2
0, 0
2499, 0
1061, 1059
0, 1125

2499, 0
2148, 967
1920, 1152
1061, 1059

2499, 0
2705, 387
2622, 934
2148, 967

ANGLES
0
180
