REC_CONTAINER
0, 0
60, 60

#1
POLYGON 3
0, 8
1, 7
7, 5
10, 8
11, 9
1, 9

7, 5
12, 0
15, 3
10, 8

ANGLES
0
180

#2
POLYGON 3
2, 12
0, 0
4, 0
4, 1

4, 1
5, 1
5, 12
2, 12

5, 1
5, 0
9, 0
9, 2
5, 12

ANGLES
0
180

#3
POLYGON 3
2, 24
0, 18
0, 6
2, 0
9, 0
11, 6
11, 18
9, 24

#4
POLYGON 3
0, 15
0, 0
14, 0
14, 15

#5
POLYGON 3
0, 0
9, 0
7, 5
2, 5

ANGLES
0
180

#6
POLYGON 3
0, 32
1, 3
3, 0
6, 1
11, 11
5, 31
2, 33

ANGLES
0
180

#7
POLYGON 3
0, 3
5, 0
23, 0
13, 5
1, 5

ANGLES
0
180

#8
POLYGON 3
1, 0
4, 0
3, 4
2, 4

4, 0
4, 5
3, 4

4, 0
5, 6
4, 6
4, 5

1, 0
2, 4
1, 5

1, 0
1, 5
1, 6
0, 6

ANGLES
0
180

#9
POLYGON 3
0, 2
1, 0
8, 0
6, 3

ANGLES
0
180

#10
POLYGON 3
0, 0
14, 0
5, 6

ANGLES
0
180