//Generated by Andre Kubagawa Sato

REC_CONTAINER
0,0
2500,2550

#PIECE 1
POLYGON 2
10,115
478,113
1078,396
0,407

478,113
930,47
1078,396

478,113
727,21
856,44

478,113
856,44
930,47

930,47
1049,0
1097,295
1078,396

ANGLES
0
90
180
270

#PIECE 2
POLYGON 2
0,0
316,2
316,274
0,275

ANGLES
0
90
180
270

#PIECE 3
POLYGON 4
0,1
239,0
242,80
0,78

ANGLES
0
90
180
270

#PIECE 4
POLYGON 2
0,310
0,119
384,70
759,69
758,310

0,119
384,0
384,70

ANGLES
0
90
180
270

#PIECE 5
POLYGON 2
0,252
0,75
150,0
148,175

ANGLES
0
90
180
270

#PIECE 6
POLYGON 2
852,412
597,51
668,20
736,0
784,3
849,194

852,412
503,414
597,51

503,414
387,451
597,51

387,451
355,505
300,451
597,51

300,451
45,325
0,221
0,154
55,53
145,16
329,25
407,35

407,35
539,38
597,51
300,451

ANGLES
0
90
180
270

#PIECE 7
POLYGON 2
827,0
894,20
975,258
845,453
761,490
539,414

975,258
1097,260
1003,500
884,463

884,463
845,453
975,258

761,490
732,547
694,544
616,477

616,477
539,414
761,490

539,414
0,426
0,232
827,0

ANGLES
0
90
180
270

#PIECE 8
POLYGON 2
151,427
316,64
442,43
694,75
1033,208
987,346
926,393

151,427
97,266
191,61
271,50
316,64

97,266
0,259
75,28
126,21
191,61

316,64
359,10
436,6
442,43

694,75
726,42
1091,0
1094,211
1033,208

ANGLES
0
90
180
270

#PIECE 9
POLYGON 2
0,0
745,24
619,196

0,0
619,196
590,276
522,260

522,260
6,282
0,0

ANGLES
0
90
180
270
